Case#4:
20
0    100  100  200  200  300  200  300  400  500  700  900  900  1200  1000  1200  1000  800  1000  1400
100  0    150  100  300  500  400  500  700  500  700  800  1000 1200  800   900   1000  1000 1200  1400
100  150  0    100  120  250  300  320  500  300  600  650  670  700   800   850   900   800  1100  1200
200  100  100  0    500  520  600  650  700  200  300  600  700  800   800   900   1300  1400 1450  1500
200  300  120  500  0    200  300  400  450  600  650  850  850  900   1000  1100  1250  300  400   550 
300  500  250  520  200  0    500  600  600  700  800  850  850  850   1200  1250  1300  300  200   400
200  400  300  600  300  500  0    100  150  520  550  570  620  650   530   540   370   700  730   790
300  500  320  650  400  600  100  0    100  500  510  540  630  670   510   500   350   710  750   810
400  700  500  700  450  600  150  100  0    810  850  900  910  920   610   650   300   500  610   670
500  500  300  200  600  700  520  500  810  0    200  210  300  350   300   310   550   900  910   1100
700  700  600  300  650  800  550  510  850  200  0    250  350  450   370   340   450   1100 1050  1350
900  800  650  600  850  850  570  540  900  210  250  0    210  290   400   390   480   800  760   900
900  1000 670  700  850  850  620  630  910  300  350  210  0    200   950   920   1100  800  720   900
1200 1200 700  800  900  850  650  670  920  350  450  290  200  0     1000  980   1200  600  450   700
1000 800  800  800  1000 1200 530  510  610  300  370  400  950  1000  0     100   190   1300 1400  1500
1200 900  850  900  1100 1250 540  500  650  310  340  390  920  980   100   0     350   1200 1200  1400
1000 1000 900  1300 1250 1300 370  350  300  550  450  480  1100 1200  190   350   0     900  950   1050
800  1000 800  140  300  300  700  710  500  900  1100 800  800  600   1300  1200  900   0    200   200
1000 1200 1100 1450 400  200  730  750  610  910  1050 760  720  1450  1400  1200  950   200  0     210
1400 1400 1200 1500 550  400  790  810  670  1100 1350 900  900  700   1500  1400  1050  200  210   0
6
2 9
1 13
3 12
3 14
5 12
6 14      
